6824411185249619205
6884980453015702785
6959968030898113797
6975202522277416197
6986025909673413894
7014898717933309189
7060897847071247663
7091680807521176838
7095872069614783749
7107301348156247302
7192188018810260742
7198248830075178283
7228076049869868314
7228727455438146843
7230738024173178138
7230796721054354714
7230801310721821957
7230802294399356186
7230892749652774170
7231117830970690842
7231306465217121562
7231812247520054555
7231824822098054426
7256565740810013995
7269971742007856389
7269972872553106694
7269976036505439494
7308172873007467818
7331164198891687210
7331825446566284586
7341160423430901035
7343256675643624736
7343752460692884782
7347798687499750698
7348235488181964075
7351129034027240746
7353442484174769451
7364519918819216646
7365808848633924896
7366078367373757728
7366255990599142673
7366365774912425262
7366506387393826053
7366549095378390304
7366556526623853857
7366556897916243233
7366649093222845728
7366673833077591329
7366845174753840417
7366955374525566241
7368609672196099370
7371537506824686880
7377289318542445829
7378626927046724894
7387631564273749279
7403332917130251526
7404182754419559722
7416696637369617706
7416703046278810886
7420047350221131014
7420889060425714975
7423515118186564907
7439043616108039457
7445858649437719838
7452167541151059243
7455714119077973290
7458764684779457824
7461772735773936927
7462295075838594312
7463130345496399110
7464650678795865366
7465803466703736072
7470275503614725408
7476429601275759878
7476436500402457911
7478866632736083255
7480599033367727382
7482112039025052951
7482810892766219551
7482918100984286486
7483287754839805206
7483691976924106027
7484656053804649758
7484984412388707630
7485830493020179743
7486140141124209942
7486363475833408790
7486516599361375511
7486633834868493598
7487541377572637982
7487740018467818782
7487898826041314566
7488061909665615127
7488646732121754923
7489082067347721480
7489228519336168750
7489870099340446981
7489880105158823198
7489887979205348630
7490947111358352647
7491124571928612118
7491192884692077854
7491332467098422550
7491629179243367710
7491699466551053590
7492744036869000454
7492748006219926789
7493160655252409622
7493445717927742766
7493962187208264982
7493967019159588118
7494015357900819758
7494033044496452886
7494602154729016598
7494740424737836310
7494747791886044462
7494778202578078998
7495950910519020843
7496068302532349206
7496225324477451522
7496602549475085590
7496780669423701294
7496794693829774614
7496816461323816214
7496968286668606742
7497074404275277078
7497079411599035694
7497238992539241750
7497520954659147054
7497525273634688264
7497539215807352086
7497789135923514670
7497997024428625174
7498161755206454559
7498188252675837230
7498319877908843831
7498375884261330198
7498763630867909910
7498795229009431854
7498802851855092998
7498862259989433622
7498945163599924488
7498980147832311047
7498982380154260758
7499075120300969223
7499136330346319150
7499150386230529302
7499187472128036103
7499226674672782614
7499486638892911903
7499525572540779782
7499569737467284767
7499698634510863646
7499735530360327430
7499735994413911318
7499762527941840171
7499843524607724822
7499890611076549894
7499897764222913823
7499939607207857450
7499998438113774903
7500014525882567979
7500156191562091794
7500157349026352391
7500161150470982918
7500175124671302967
7500177983190142213
7500185248093801759
7500198177774210350
7500224057460149547
7500231564429724950
7500274712849812778
7500313769482947862
7500323362607025413
7500332503203335446
7500339433829453087
7500354970311478533
7500496221216312608
7500546663191153928
7500573686907292950
7500585872975301894
7500586305215073558
7500599533211012374
7500602571183230230
7500612381567995158
7500649489024208150
7500650396960951598
7500651383624944918
7500651801310399766
7500682432161516818
7500683252760431927
7500683277183798550
7500686754156940566
7500687496989183254
7500689595449855275
7500814091066330410
7500846233817320726
7500857746372283653
7500882179581365535
7500887588400614678
7500896599900507414
7500900838513069367
7500906918341381398
7500918338210647318
7500922863432518934
7500929659488455958
7500929804494032150
7500935318426881282
7500936053776256278
7500937482704293142
7500940464464628994
7500944188746239254
7500946053454269719
7500947724242767150
7500947907479194902
7500949214734716182
7500949473367969046
7500951308472470806
7500951448612572438
7500951522738457878
7500951994778127638
7500954907025886486
7500954911237000470
7500955514268880133
7500955949079760160
7500959581632269590
7500960410963643670
7500962062504365334
7500965916675460374
7500969905718791447
7500976229676371222
7500983792501312790
7500988584879459606
7500988816304426262
7500989694314859798
7500990261548354838
7500990862634257710
7500993652328647958
7501000823682469142
7501006199299706158
7501007343757397270
7501014386245438722
7501018548513377558
7501021864718798112
7501035447364226326
7501037077379829014
7501038357074513160
7501045490943872278
7501047118006635798
7501049095247777046
7501049662879665415
7501051425519176982
7501052816375467286
7501054781679537430
7501055102980082966
7501058619517979926
7501069640207011094
7501069686679850262
7501076563576868118
7501109530114198801
7501110238771252482
7501232910981205254
7501252747304602882
7501262142402759954
7501263200348884231
7501265126259969296
7501274845041233174
7501275904211979542
7501277212373568790
7501282283299572997
7501285328653651222
7501290613346667784
7501318649135795478
7501322244677782792
7501336814767131959
7501351219378752791
7501353546764373303
7501354647781707028
7501361044699286806
7501366457708678406
7501374754826341640
7501388717362302230
7501414343402081541
7501415259601751304
7501415301825776918
7501419485870476566
7501446374366465326
7501455931679542574
7501456010750496022
7501456272210791686
7501475173292444934
7501478600625999146
7501481036451269918
7501509011619974442
7501520812541775122
7501529319068470574
7501576424231275798
7501591343269940502
7501600136766786846
7501601233099132190
7501609702766316846
7501630378919152918
7501638190042828054
7501657092374187286
7501682025871510807
7501684052513131794
7501687149473877266
7501688660144786709
7501692532452101398
7501693465495997718
7501693949854321922
7501696414603300103
7501704851693292846
7501705271706701064
7501712670241049878
7501713622884699414
7501714212675259655
7501718885423484178
7501728184795155743
7501734562070875399
7501736457669774614
7501748699148717318
7501751967509712158
7501752617467481352
7501768429846793527
7501772991190125866
7501773401887902998
7501773859318697238
7501776136075005206
7501778602145664302
7501781897203223838
7501786325138312471
7501797191128829206
7501803886244580650
7501804118235729159
7501804278181416199
7501804536617651474
7501805115540622614
7501807162356714760
7501817663161748778
7501818269557361942
7501823806730685718
7501846612709313814
7501848330067086598
7501851499589389610
7501851791978401030
7501858455507062038
7501861151110728991
7501862402812628246
7501868788900515077
7501868855925476663
7501887332774153490
7501892086938094856
7501902778680347926
7501926343479676182
7501927503989230894
7501931989906378006
7501933197496683798
7501933508332440854
7501939944856800558
7501940893759458582
7501941368307076374
7501944391683149062
7501945800340081942
7501948474154339606
7501952221995666690
7501957488644836630
7501958617323572502
7501961121276988694
7501962730362981654
7501964121647090966
7501965227542482198
7501965907707596054
7501966516393479446
7501967465379826986
7501968430736690440
7501968517399514376
7501969023962287367
7501969470445915414
7501969694539189526
7501970137193483542
7501971727375797526
7501972330894134583
7501973221231643926
7501974351223213334
7501977017773018390
7501977382073470215
7501978633175633174
7501978938558778646
7501979127570910519
7501983467501112609
7501983903436098838
7501984341015170326
7501986067055136022
7501988673781796142
7501989101084740871
7501989980932295958
7501993648188329232
7501996686999424262
7501997184699747617
7501997832220511510
7501999815568444694
7501999849114570006
7502000483372895518
7502000979546737975
7502001029748231446
7502001964608163094
7502006115706735874
7502006872019324182
7502008307687689494
7502008646239292695
7502009030555159816
7502009439717805334
7502010130540825902
7502010657844366614
7502013252247784726
7502013639541460246
7502013964616748310
7502017159938182402
7502019065574198530
7502021994221817095
7502022532447341846
7502022861343821078
7502026574049398038
7502026769768172822
7502029168780217622
7502030554171264278
7502031141952785687
7502032297743486230
7502035004969471254
7502035561163525398
7502037177442798870
7502039232806948118
7502040478418832662
7502044229187816726
7502046946278772023
7502047658006023446
7502048123343097110
7502048267434265878
7502048517435837718
7502048741860396310
7502050159199685890
7502051693018860822
7502052068950101254
7502052317538192662
7502052627031624966
7502053184215600406
7502053536822267158
7502054511180172566
7502055279542963478
7502056049956949270
7502056254290939158
7502058811054640415
7502059961615355159
7502059988899138839
7502061406695460118
7502061687558769962
7502061813115161862
7502062035144887574
7502062506194652438
7502063705740332310
7502065986703461675
7502067431611927830
7502069199339097364
7502069505649167623
7502069924559375634
7502071375369473286
7502071525718215943
7502075838335028502
7502076183476063519
7502076294507793666
7502076623559216406
7502076768883330326
7502076898084670742
7502077200376663351
7502077884761214230
7502079541066730774
7502081344948817159
7502081486611500310
7502082603999104289
7502085528544628010
7502085745893477654
7502085820589952278
7502086635736141062
7502086640127462678
7502086641884892462
7502087895742696726
7502089335412477189
7502091695681539350
7502092670609804599
7502094092239686934
7502094295059402006
7502094312566508855
7502094705761586454
7502094779417660703
7502094780596309270
7502095111606783278
7502095840928877829
7502096315334118686
7502097490393500934
7502099412236111150
7502099414530428203
7502101328412364054
7502101543282396422
7502101869557206280
7502102474615000342
7502102964136430853
7502103347541904647
7502104224919162114
7502105161347632391
7502105504265604385
7502105981459991830
7502106463473618198
7502106528804080918
7502106675822726422
7502107391832411414
7502107484690107670
7502108203317038338
7502108339703237910
7502108774086233366
7502109594873842966
7502110398296919318
7502112100991520022
7502112129508576534
7502112242909859094
7502113291557276933
7502113805434883350
7502114160403090710
7502115013327326496
7502115137298517270
7502115319117384962
7502115804226342166
7502115852599233814
7502115863026289942
7502116076071800070
7502116649621982487
7502117743295008055
7502117934475627798
7502118385312894226
7502118686086417686
7502118981969382662
7502120502597618966
7502120537951374614
7502121149040463109
7502121370474532151
7502121604621651222
7502121747827772677
7502121982394305794
7502123031796419895
7502123056039480598
7502125457639312662
7502125961018658070
7502127204575268104
7502128628159909122
7502130765954600210
7502130934909586696
7502131078522588422
7502131382143978759
7502132586655927574
7502132943167507734
7502134635707534614
7502135058334059831
7502136738194935062
7502137218308263190
7502137229918080264
7502137236733824278
7502137442078592278
7502138687589731590
7502138889750973718
7502139999094181142
7502140095223303446
7502140186558582049
7502140449944014102
7502140744648625431
7502141388117642518
7502142317055249686
7502142621989539094
7502142815447633174
7502142930333781270
7502143649904381206
7502143706477104406
7502145299238882583
7502145839503101206
7502145946814270738
7502147199363452206
7502148103047335186
7502148128989367574
7502148869468278038
7502149104613461270
7502150220281646341
7502152281270291720
7502153687398108434
7502154385716153655
7502154418452778248
7502154839850372383
7502155400142245142
7502156491114237215
7502157430516698390
7502159035727088918
7502159075988294954
7502159176840301832
7502159918825262366
7502160288192482603
7502161725312011542
7502162113532546309
7502162315173776662
7502162980872719671
7502164898336476439
7502165614505594167
7502165834333211959
7502166069742816567
7502166410802564374
7502167381452819758
7502168247974907152
7502170043841613062
7502170438211013896
7502171687614565638
7502171866488966422
7502171986878172434
7502172217959075094
7502172322292387077
7502172815718747447
7502173004340776214
7502173004755930390
7502173443211758870
7502173766743608631
7502174447051361566
7502174969330371863
7502175361380125957
7502176252472675606
7502176635932904726
7502176665791941910
7502177469034794262
7502177516673568022
7502179019216014614
7502179770256428310
7502179816410582327
7502180397405457694
7502181133128453381
7502182553709792534
7502182962847321362
7502183318788525367
7502183523172830495
7502183666446093598
7502183913813757230
7502184003454209303
7502184440433593622
7502184632134176006
7502184936489913623
7502185018089917727
7502185418754968887
7502186667516661047
7502187249992305925
7502187439918681366
7502187459652996357
7502187535179730182
7502187735612968247
7502187761173105963
7502188286958472503
7502188337503931690
7502188741948116247
7502188755319590199
7502188850073144598
7502189574987336982
7502189995415981367
7502190565056843014
7502190568001326358
7502191734969928991
7502191847964429623
7502192036351692063
7502192938403810565
7502193109464337669
7502193292772265232
7502195174869683474
7502195420307688736
7502196050749312274
7502196914264313143
7502197048943414574
7502197299045534998
7502197516683726088
7502197818514230550
7502199135735483690
7502199706353667350
7502202138169330965
7502202464720964886
7502202551211674911
7502202638402931976
7502204346747161862
7502207429409590550
7502207437106105630
7502207772667170090
7502209090437926150
7502210033959177480
7502211166773644590
7502211243856497942
7502211465273691435
7502212067865136426
7502212902724668694
7502213065371307286
7502213576271154475
7502214704840838431
7502219015578799378
7502219850530508037
7502219994520882454
7502220622404078879
7502220854084898070
7502221030119820566
7502223968900762898
7502225992694402347
7502226662269013270
7502226951831112982
7502227626396863765
7502228878753156398
7502230443517906206
7502230697822735671
7502230944758140190
7502231237172432158
7502235795621809463
7502238448921709870
7502240408206871839
7502241479713131798
7502246974486367518
7502252221648751918
7502254854023253253
7502254986886237446
7502256214617804078
7502256342351105310
7502257761435028778
7502260247281618219
7502267163001081134
7502269963793714450
7502270157121686830
7502270320187903250
7502270384687910175
7502270961207594258
7502272019241782534
7502273162051177759
7502275202475101463
7502284080608709943
7502285359988952363
7502286439967640840
7502288157472247070
7502288344487873800
7502290103583264030
7502290708661849399
7502291036744486166
7502291395743386910
7502291814922079489
7502291995285671176
7502292933400481046
7502293192646216978
7502293473110920466
7502295620569304342
7502295807270423830
7502296127841094967
7502296533769932040
7502299086347914504
7502302298807340343
7502303474596580614
7502304633868651784
7502309919647894792
7502311769600314631
7502311914924526894
7502312148253560071
7502312684432444694
7502314051779955970
7502314576566930694
7502315945524841774
7502316957442510102
7502317393394420998
7502317862028102934
7502318182107974934
7502318641342418184
7502318708035996935
7502319605944306951
7502319989018348818
7502320647071092010
7502321953261309189
7502322858014641430
7502323082602843414
7502324240851422519
7502324508305476871
7502325012221807890
7502326010457722167
7502326346111077654
7502326452868893970
7502326618921127190
7502326866146118920
7502327235748105494
7502327303880428855
7502328555443932434
7502329386788474154
7502330101799881989
7502331712425250054
7502332463872527638
7502332499247353110
7502333809724017926
7502334346817211655
7502337357136416008
7502337722481216786
7502338438130175240
7502338752350604549
7502339272079412511
7502340423919160584
7502340655490845974
7502340887293201686
7502341326461996310
7502341765005856022
7502341798950489399
7502342239192993040
7502343171213511942
7502345148227996950
7502345214640655638
7502345340641709317
7502345878217297174
7502346168001776918
7502346436667903255
7502347506877992198
7502347874752089352
7502349391248870678
7502350032859843862
7502350695937379606
7502350698324036919
7502351555950136583
7502352021970799894
7502352315928661256
7502352767378492680
7502352945443278098
7502353199387479316
7502353731854339335
7502353923492105477
7502354547982077206
7502354778261884182
7502355097305812232
7502355604808142087
7502355857007529234
7502356249212669202
7502356384000855304
7502357102682213640
7502357259347840276
7502358101979401479
7502364540189822214
7502366481225633030
7502366719558552850
7502367076430957846
7502367923793595654
7502367974397889825
7502368439458123016
7502370159894596870
7502371843307851030
7502372035218115870
7502373398727658774
7502373604797992197
7502374373098147090
7502374721749552391
7502375451583679786
7502376110076824874
7502376834923842859
7502376898014547255
7502377148871707909
7502377414656363781
7502377503906974983
7502378194436197654
7502379075479096598
7502380215956426006
7502381164095753490
7502381517633522962
7502382773865401607
7502383381070499094
7502383666572578066
7502383839776476422
7502383886039649558
7502384142068223239
7502384381760228616
7502385491531058454
7502387068379745558
7502387088021556498
7502387696476638470
7502388808743275784
7502388976951627016
7502389379403468054
7502390011988282640
7502390350212779272
7502390561710755079
7502392839481953591
7502393774660783382
7502394059953016094
7502395126157757702
7502395332966337814
7502395404747689238
7502395700437617922
7502396692692471062
7502397920730221846
7502399540746669330
7502401974785051926
7502402819962440978
7502403562639478071
7502403770760842504
7502403772623195414
7502404280922508590
7502404606006201605
7502404634909183254
7502404874206776593
7502404972827446535
7502405071280327966
7502405890255916310
7502406806036040992
7502406970016582919
7502407079508905223
7502407422259023112
7502407956504300822
7502408034715438367
7502408131188706582
7502408348432698646
7502409697203424534
7502409871527087368
7502410277959355670
7502410718826745110
7502410848791547154
7502411100093304094
7502411140916579607
7502412767735958802
7502414254461537541
7502414461236546838
7502415628498783543
7502416080812412167
7502417011729878294
7502417095255149846
7502417795779677486
7502417821758999850
7502418224739306783
7502418729532263685
7502420943759772950
7502421588503973142
7502424825193876758
7502427571020238088
7502428567851126046
7502430160717696302
7502430223074381111
7502430534572821766
7502431048106528046
7502433422321782034
7502434943906237701
7502435279081360683
7502437652025724182
7502437815020506390
7502439012137815302
7502439369068776726
7502440030707698952
7502440606191389958
7502440663003467010
7502442027662036242
7502442273011961110
7502443013742939435
7502444250328517910
7502444886457666824
7502445735825263894
7502446736636415254
7502447955606064389
7502449261070667015
7502449840102624534
7502450677596114198
7502450730058501398
7502451124285246742
7502451771466386710
7502452559467072790
7502452992805752069
7502453781091601686
7502453894342003990
7502456017851256087
7502457064598375710
7502458493945924882
7502458858196012311
7502459666467802390
7502459724055547167
7502461147807878402
7502463998756015368
7502464177584278806
7502464321398639894
7502464818398367006
7502465156132228394
7502465899232890135
7502466093928172822
7502467555630550294
7502468085086031106
7502468971766091051
7502469975655959814
7502470268263337262
7502470351901740343
7502471406815415574
7502472054978006294
7502472586224225554
7502472889162026245
7502473193563671830
7502474528392547592
7502475097404394770
7502475172792913160
7502475934197353733
7502477761424919863
7502477944535764246
7502480444026260766
7502481544116735250
7502483414268792086
7502483875776466198
7502484427277077778
7502484715920788758
7502488189702278422
7502488851126979848
7502488876645158145
7502489248948374790
7502489392863350046
7502491030575484182
7502492055642459414
7502492262790728982
7502493182450601223
7502493769485372727
7502494334026075414
7502494937301257494
7502495370983902482
7502495553251544342
7502497076341771525
7502497441330056456
7502497778749164806
7502498291330993463
7502498350055329030
7502499717117447446
7502505105879469334
7502506124743150903
7502506780992474386
7502510260410797317
7502510765715295494
7502512263232802054
7502513366158658834
7502513689375837446
7502513977214176520
7502514504425688342
7502515056484060438
7502517349451418898
7502518098088480022
7502519815161040183
7502519834723290374
7502521211730103559
7502521567218355461
7502522321144450326
7502523354117623062
7502525887276010807
7502527286445427990
7502527616822398263
7502528221250915606
7502529393277914374
7502531863156624695
7502531879027952918
7502532231231982870
7502532818984029483
7502534033625074966
7502534875233258783
7502537552012856598
7502541147370228998
7502541331751898390
7502544267815030021
7502547002786385157
7502547826870783278
7502549496778214686
7502549856402066694
7502550075936296238
7502550304588565790
7502553077476510981
7502553158871223553
7502554281573092631
7502555593865989419
7502558069218495766
7502558145584139526
7502558598761925895
7502560488723615022
7502563024822209798
7502564585510096150
7502567237430152470
7502568367006420270
7502568931010317599
7502569258791030022
7502569954156301590
7502570260948634886
7502571395700870422
7502573253156818198
7502574097512107286
7502575952266824982
7502577117255830814
7502579694668188983
7502580337164176645
7502580652374756654
7502581857486261526
7502601526670576918
7502608322781007110
7502618611404541190
7502622547851234577
7502636627781553454
7502651917550505224
7502661935213694214
7502666105933008159
7502674165607025942
7502675198513024278
7502677469816769822
7502677859991948549
7502680067806350614
7502681353817820438
7502683240667319559
7502683753131592966
7502685131098819842
7502685472741707016
7502693000556989718
7502697424205516074
7502707243448536342
7502709483148234006
7502713864241548590
7502713951138876690
7502715922105339143
7502717429605240082
7502728007749094678
7502728821695646998
7502729906686659895
7502734061492800773
7502735115429203205
7502736956145601814
7502738259080973574
7502739645143305480
7502741112889609494
7502743491441593655
7502745370552831274
7502751156829998342
7502754424079650056
